D:/ray_workspace/70171_Augment/Dateset/000000000009.jpg 1.08,187.69,612.6700000000001,473.53,51 311.73,4.31,631.01,232.99,51 249.6,229.27,565.84,474.35,56 0.0,13.51,434.48,388.63,51 376.2,40.36,451.75,86.89,55 465.78,38.97,523.85,85.64,55 385.7,73.66,469.71999999999997,144.17000000000002,55 364.05,2.49,458.81,73.55999999999999,55 
D:/ray_workspace/70171_Augment/Dateset/000000000025.jpg 385.53,60.03,600.5,357.19000000000005,25 53.01,356.49,185.04,411.68,25 
D:/ray_workspace/70171_Augment/Dateset/000000000030.jpg 204.86,31.02,459.74,355.14,64 237.56,155.81,403.96000000000004,351.06,86 
D:/ray_workspace/70171_Augment/Dateset/000000000034.jpg 0.96,20.06,442.19,399.21,24
D:/ray_workspace/70171_Augment/Dateset/000000000042.jpg 214.15,41.29,562.41,285.07,18
D:/ray_workspace/70171_Augment/Dateset/000000000049.jpg 162.57,226.56,292.98,410.99,19 81.7,244.94,165.41,403.14,19 203.39,260.43,269.08,333.47,1 118.43,261.32,175.34,324.25,1 119.34,334.21,131.28,367.78,1 201.77,426.19,272.61,473.42,64 284.34,333.4,295.21999999999997,360.83,1 191.0,334.37,198.16,357.78000000000003,1 346.76,333.4,361.56,342.62,1 
D:/ray_workspace/70171_Augment/Dateset/000000000061.jpg 261.2,205.92,309.28,263.15999999999997,1 393.39,210.34,425.91999999999996,250.08,1 370.11,248.9,453.20000000000005,296.54,22 223.25,250.1,365.16999999999996,327.81,22 261.54,196.57,295.75,250.75,1 
D:/ray_workspace/70171_Augment/Dateset/000000000064.jpg 52.36,387.77,228.72000000000003,545.39,3 52.64,353.78,177.22,413.25,8 115.84,226.59,152.86,301.76,13 112.04,42.19,266.34000000000003,194.5,85 
D:/ray_workspace/70171_Augment/Dateset/000000000071.jpg 467.82,216.93,495.57,231.08,3 522.69,223.4,547.0400000000001,235.4,3 436.9,217.83,460.21999999999997,226.45000000000002,3 586.36,231.31,613.51,245.62,3 47.87,185.72,531.3,305.38,7 497.01,223.95,520.5699999999999,235.08999999999997,3 601.86,216.64,618.58,222.05999999999997,3 333.48,192.6,357.37,202.78,8 362.36,197.28,386.67,204.35,8 617.67,237.43,640.0,250.23000000000002,3 479.15,220.0,503.08,232.65,3 387.49,200.79,403.5,205.07999999999998,3 366.69,196.95,386.39,204.76,3 348.79,198.22,368.14000000000004,203.33,3 499.88,219.18,519.06,225.39000000000001,3 460.42,217.18,479.22,228.78,3 
D:/ray_workspace/70171_Augment/Dateset/000000000072.jpg 136.63,129.44,425.71,628.49,25 50.45,72.07,283.96,640.0,25 
D:/ray_workspace/70171_Augment/Dateset/000000000073.jpg 13.0,22.75,548.98,632.42,4 1.66,3.32,270.26000000000005,275.23,4 
D:/ray_workspace/70171_Augment/Dateset/000000000074.jpg 61.87,276.25,358.29,379.43,18 2.75,3.66,162.15,316.06,2 295.55,93.96,313.97,152.79,1 326.94,97.05,340.49,122.97999999999999,1 356.62,95.47,372.33,147.55,1 462.08,105.09,493.74,146.99,1 277.11,103.84,292.44,150.72,1 282.65,103.41,294.34,127.66,1 
D:/ray_workspace/70171_Augment/Dateset/000000000077.jpg 216.04,56.31,319.49,175.24,1 320.73,53.73,415.36,151.01,1 41.55,320.34,92.09,344.58,41 236.63,140.69,263.96,169.22,41 24.83,167.53,121.83,332.94,1 286.32,101.29,311.02,143.01,1 355.43,141.19,379.49,156.23,41 266.35,58.18,289.28000000000003,140.7,1 
D:/ray_workspace/70171_Augment/Dateset/000000000078.jpg 359.8,2.07,573.9300000000001,237.98,85 
D:/ray_workspace/70171_Augment/Dateset/000000000081.jpg 38.55,40.48,622.56,358.5,5 
D:/ray_workspace/70171_Augment/Dateset/000000000086.jpg 152.11,183.1,281.26,559.07,1 130.14,346.52,424.4,635.16,4 265.1,294.59,399.70000000000005,404.77,31 
D:/ray_workspace/70171_Augment/Dateset/000000000089.jpg 502.6,105.47,528.4300000000001,237.85,49 476.62,127.49,496.34000000000003,233.6,49 528.8,99.3,555.27,237.19,49 555.67,100.9,576.54,239.88,49 573.73,96.6,600.7,239.39,49 138.38,202.7,474.59,472.96999999999997,79 0.0,43.67,118.2,188.57999999999998,78 476.68,333.95,567.13,364.31,84 497.16,365.19,611.21,398.89,84 513.13,402.71,640.0,452.83,84 
D:/ray_workspace/70171_Augment/Dateset/000000000092.jpg 418.65,118.6,583.3299999999999,427.0,48 125.7,0.96,501.84,293.62,61 
D:/ray_workspace/70171_Augment/Dateset/000000000109.jpg 539.72,295.45,562.63,313.84,18 512.89,271.42,534.13,304.15000000000003,1 585.88,268.35,604.07,291.17,1 548.02,249.59,552.5699999999999,257.7,1 376.6,261.49,411.06,285.24,15 448.37,281.77,488.66,304.96,15 74.56,197.85,80.85000000000001,213.13,1 604.26,271.45,613.45,282.75,1 
D:/ray_workspace/70171_Augment/Dateset/000000000110.jpg 138.38,133.51,237.83999999999997,213.51,62 243.96,137.61,327.79,256.31,62 294.94,367.89,484.63,480.0,48 274.18,360.36,291.03000000000003,480.0,49 136.66,391.91,474.35,474.35,59 119.19,75.3,263.3,151.14999999999998,67 208.18,0.0,640.0,474.61,1 1.08,128.36,252.4,409.89,1 248.09,1.08,376.45000000000005,138.07000000000002,1 196.95,0.0,265.0,94.32,1 141.2,2.18,222.08999999999997,88.0,1 0.0,0.0,130.28,174.43,1 131.15,0.0,162.22,55.5,1 406.77,1.22,441.49,85.33,1 184.03,79.35,203.24,97.58,47 0.28,134.14,45.14,303.51,62 413.54,78.74,436.43,91.53,62 584.66,100.54,640.0,136.19,67 263.06,0.74,277.25,29.4,1 335.72,0.0,415.22,93.43,1 3.15,377.36,639.72,480.0,67 163.16,77.92,181.85999999999999,101.3,47 209.78,80.59,229.76,96.33,47 228.12,75.91,244.65,99.28999999999999,47 
D:/ray_workspace/70171_Augment/Dateset/000000000113.jpg 92.04,381.22,248.81,444.5,62 11.03,577.54,82.84,639.48,62 4.33,31.42,156.03,486.5,1 70.27,458.25,121.87,519.38,47 347.22,159.86,368.90000000000003,178.62,47 253.79,363.24,301.0,450.28000000000003,49 142.38,424.27,402.7,573.8399999999999,61 341.39,100.49,416.0,428.74,1 19.38,392.94,416.0,640.0,67 148.13,44.58,343.73,431.46,1 282.56,95.35,308.07,122.11999999999999,47 346.5,67.93,369.94,89.98,47 343.43,98.09,367.53000000000003,123.09,47 379.91,96.72,397.55,120.02,47 195.73,140.4,215.79,162.04000000000002,47 176.16,137.14,199.73,161.95,47 174.85,106.92,194.45999999999998,132.55,47 140.57,138.28,159.32999999999998,160.55,47 
D:/ray_workspace/70171_Augment/Dateset/000000000127.jpg 213.55,49.56,278.24,120.16,64 107.52,147.13,639.4499999999999,481.0,67 381.97,221.21,567.1700000000001,345.96000000000004,47 300.92,286.33,405.14,445.24,49 346.67,276.28,431.58000000000004,358.59999999999997,50 179.15,263.57,305.1,404.72,61 257.22,194.11,386.29,286.63,84 0.0,148.96,64.35,230.91000000000003,15 157.91,86.33,201.89,102.77,15 294.0,0.0,398.85,104.67,28 131.36,3.19,164.08,58.919999999999995,28 111.94,123.64,581.9,286.94,31 444.17,8.67,466.92,44.42,1 106.04,99.04,171.04000000000002,148.49,15 196.88,147.35,249.63,183.62,15 265.55,95.15,479.81,118.56,67 104.35,1.49,132.84,46.03,28 
D:/ray_workspace/70171_Augment/Dateset/000000000133.jpg 13.99,2.87,640.0,421.52,65 525.34,20.93,573.2900000000001,49.65,88 
D:/ray_workspace/70171_Augment/Dateset/000000000136.jpg 0.84,114.71,54.38,372.40999999999997,1 0.0,61.35,68.92,374.0,1 82.0,116.38,267.74,369.06,25 316.72,131.83,444.76,296.08000000000004,25 
D:/ray_workspace/70171_Augment/Dateset/000000000138.jpg 16.66,102.67,139.72,348.79,82 315.62,19.6,384.12,88.1,85 157.46,184.11,203.05,203.64000000000001,51 260.1,175.12,379.85,533.0799999999999,79 496.77,203.18,625.9,256.7,81 560.65,45.27,604.65,104.06,64 218.38,54.99,252.01999999999998,102.15,86 
D:/ray_workspace/70171_Augment/Dateset/000000000142.jpg 256.71,88.94,416.78,342.81,44 0.0,226.36,480.0,452.58000000000004,67 106.19,374.53,378.83,566.8199999999999,52 74.58,376.34,438.14,640.0,54 
D:/ray_workspace/70171_Augment/Dateset/000000000143.jpg 426.88,192.47,558.06,368.82,16 128.19,104.46,223.95999999999998,271.88,16 265.59,126.88,365.59,289.65,16 243.53,271.01,340.52,391.7,16 114.08,319.22,206.36,480.47,16 35.96,20.22,131.46,153.93,16 120.18,237.43,234.42000000000002,371.75,16 468.71,320.79,562.9499999999999,475.38,16 
D:/ray_workspace/70171_Augment/Dateset/000000000144.jpg 232.99,121.71,599.73,480.0,25 193.33,131.89,493.99,480.0,25 48.54,79.82,442.25,480.0,25 
D:/ray_workspace/70171_Augment/Dateset/000000000149.jpg 388.03,324.65,397.64,337.97999999999996,1 339.42,316.81,346.3,329.89,1 333.22,315.73,339.52000000000004,329.68,1 401.74,325.7,416.44,338.65999999999997,1 434.24,192.44,452.6,207.44,38 280.61,252.26,290.31,258.63,38 435.83,82.73,446.21,95.23,38 293.24,208.28,315.69,218.99,38 559.57,317.53,566.6700000000001,336.03999999999996,1 538.45,315.99,543.5400000000001,330.71000000000004,1 278.56,311.71,288.26,317.03999999999996,3 311.27,316.86,321.76,321.59000000000003,3 295.02,316.51,303.62,320.65,3 256.35,321.38,275.8,328.59,3 62.67,340.52,104.34,353.90999999999997,38 384.71,274.6,422.37,290.52000000000004,38 274.32,326.61,282.34,339.43,1 544.7,317.64,549.1500000000001,333.93,1 586.44,321.28,590.96,331.15999999999997,1 249.87,316.26,255.19,339.28999999999996,1 233.57,315.3,241.4,339.58000000000004,1 220.06,313.45,227.7,340.65999999999997,1 104,310,563,344,1 
D:/ray_workspace/70171_Augment/Dateset/000000000151.jpg 434.61,61.51,465.17,114.78999999999999,1 210.76,4.6,480.0,640.0,7 212.61,329.17,250.73000000000002,364.56,13 
D:/ray_workspace/70171_Augment/Dateset/000000000154.jpg 11.98,315.59,361.06,640.0,24 40.46,192.98,314.08,332.15,24 239.46,93.63,338.65,157.35999999999999,24 
D:/ray_workspace/70171_Augment/Dateset/000000000164.jpg 389.84,183.92,397.85999999999996,210.79,44 374.4,189.64,381.27,210.57,44 367.79,184.72,374.84000000000003,212.26,44 383.16,187.56,390.37,211.8,44 433.79,280.36,452.11,311.73,44 428.7,171.07,525.42,309.11,82 463.1,282.68,473.02000000000004,319.23,44 399.87,161.68,409.27,178.78,44 373.61,135.8,384.1,150.96,44 404.56,132.62,414.34,148.37,44 415.11,131.22,425.76,148.07999999999998,44 159.04,409.16,310.4,480.0,62 153.96,189.95,166.79000000000002,218.20999999999998,46 141.01,190.76,157.10999999999999,227.29999999999998,46 108.42,196.32,122.73,229.72,46 58.59,196.12,78.25,233.75,46 81.76,195.46,97.2,235.06,46 95.89,196.13,107.72,233.06,46 146.61,233.85,173.39000000000001,254.65,47 114.56,236.81,137.79,256.33,47 176.77,232.66,196.91000000000003,248.79,47 196.65,228.88,216.64000000000001,244.39,47 506.25,221.5,562.4,232.03,51 377.72,227.45,431.0,257.81,78 274.61,263.38,321.43,297.6,79 76.17,194.99,87.01,234.67000000000002,46 119.18,191.23,135.04000000000002,229.14999999999998,46 133.3,192.93,144.05,228.3,46 159.47,231.64,181.19,252.88,47 512.83,134.18,528.23,155.56,47 532.63,139.85,547.82,153.56,47 506.11,146.68,512.37,154.88,47 169.77,203.22,187.52,222.07,47 133.77,233.33,149.09,253.54000000000002,47 505.95,211.57,535.13,216.25,51 505.14,219.24,562.03,223.45000000000002,51 509.26,215.43,561.29,220.67000000000002,51 506.83,212.69,562.4499999999999,218.76,51 362.88,171.41,376.24,180.46,51 372.78,459.12,509.91999999999996,474.08,67 
D:/ray_workspace/70171_Augment/Dateset/000000000165.jpg 160.71,173.45,251.39000000000001,390.63,32 248.63,108.14,631.8,536.0,1 6.02,24.09,360.14,528.77,1 68.81,126.15,368.2,412.26,87 
D:/ray_workspace/70171_Augment/Dateset/000000000094.jpg 356.23,275.22,399.1,313.68,3 542.0,263.0,624.6,356.51,8 
D:/ray_workspace/70171_Augment/Dateset/000000000036.jpg 0.0,50.12,457.68,480.47,28 167.58,162.89,478.19000000000005,628.0799999999999,1